=== Run information ===

Scheme:       weka.classifiers.bayes.NaiveBayes 
Relation:     credit-card-application-approval
Instances:    210
Attributes:   20
              A1
              A2
              A3
              A4
              A5
              A6
              A7
              A8
              A9
              A10
              A11
              A12
              A13
              A14
              A15
              A16
              A17
              A18
              A19
              class
Test mode:    10-fold cross-validation

=== Classifier model (full training set) ===

Naive Bayes Classifier

                   Class
Attribute      BRICKFACE       FLY       SKY   FOLIAGE    CEMENT    WINDOW      PATH     GRASS
                  (0.14)       (0)    (0.14)    (0.14)    (0.14)    (0.14)    (0.14)    (0.14)
===============================================================================================
A1
  mean            83.5454         0  116.5271   76.6944  150.4181  164.9082  150.1756   130.714
  std. dev.       62.6659    0.3031   57.6105   62.3256    63.748   66.2423   72.9106   79.1948
  weight sum           30         0        30        30        30        30        30        30
  precision        1.8188    1.8188    1.8188    1.8188    1.8188    1.8188    1.8188    1.8188

A2
  mean           109.4551         0   45.8372  111.3601    97.101  104.7213  187.2167  203.4964
  std. dev.       28.5504    0.2886   25.2433   21.1883   38.3106   38.5391   11.2359   26.1423
  weight sum           30         0        30        30        30        30        30        30
  precision        1.7319    1.7319    1.7319    1.7319    1.7319    1.7319    1.7319    1.7319

A3
  mean                  9         0         9         9         9         9         9         9
  std. dev.        0.0017    0.0017    0.0017    0.0017    0.0017    0.0017    0.0017    0.0017
  weight sum           30         0        30        30        30        30        30        30
  precision          0.01      0.01      0.01      0.01      0.01      0.01      0.01      0.01

A4
  mean             0.0037         0    0.0074    0.0037    0.0074         0    0.0111    0.0259
  std. dev.        0.0199    0.0185    0.0277    0.0199    0.0277    0.0185    0.0333     0.047
  weight sum           30         0        30        30        30        30        30        30
  precision        0.1111    0.1111    0.1111    0.1111    0.1111    0.1111    0.1111    0.1111

A5
  mean                  0         0         0    0.0148    0.0074         0    0.0222         0
  std. dev.        0.0185    0.0185    0.0185    0.0378    0.0399    0.0185    0.0529    0.0185
  weight sum           30         0        30        30        30        30        30        30
  precision        0.1111    0.1111    0.1111    0.1111    0.1111    0.1111    0.1111    0.1111

A6
  mean             1.0371         0    0.8447    3.8384    2.9616    0.9248    2.4003    1.5075
  std. dev.        0.6068    0.0267    0.3097      6.58    3.8986    0.8653    1.0331    0.7286
  weight sum           30         0        30        30        30        30        30        30
  precision        0.1604    0.1604    0.1604    0.1604    0.1604    0.1604    0.1604    0.1604

A7
  mean             0.7602         0     0.095   30.7879    2.1856    0.6652    2.1856    1.5204
  std. dev.        1.4598    0.4751    0.5117  111.4665    3.5056    2.6214    1.9029    3.0109
  weight sum           30         0        30        30        30        30        30        30
  precision        2.8507    2.8507    2.8507    2.8507    2.8507    2.8507    2.8507    2.8507

A8
  mean             1.3353         0    1.1341    5.2953    2.5516    1.1524    4.6186    2.1126
  std. dev.        0.8374    0.0457    0.6326   10.0897    4.6676    2.1139     3.569    0.9455
  weight sum           30         0        30        30        30        30        30        30
  precision        0.2744    0.2744    0.2744    0.2744    0.2744    0.2744    0.2744    0.2744

A9
  mean                  0         0    0.2299    58.396    2.9888    4.5981    8.5065    0.9196
  std. dev.        1.1495    1.1495    1.2381  249.6272   12.0366   23.5134   22.9226    2.3446
  weight sum           30         0        30        30        30        30        30        30
  precision        6.8972    6.8972    6.8972    6.8972    6.8972    6.8972    6.8972    6.8972

A10
  mean            13.1429         0  118.9976   11.0342   43.4992     8.435   49.4822    15.031
  std. dev.        7.9766    0.1226    13.149   17.0487    15.129    8.9345     9.085    4.9626
  weight sum           30         0        30        30        30        30        30        30
  precision        0.7356    0.7356    0.7356    0.7356    0.7356    0.7356    0.7356    0.7356

A11
  mean            13.6889         0  108.0188    7.7771   39.0004    6.4283   44.0512   11.8235
  std. dev.        7.1319    0.1435   15.5601   14.8811   14.1189     7.661    7.9966    3.9134
  weight sum           30         0        30        30        30        30        30        30
  precision        0.8609    0.8609    0.8609    0.8609    0.8609    0.8609    0.8609    0.8609

A12
  mean            16.5631         0   135.193   15.8115   53.3314   12.1694   61.2227   13.5569
  std. dev.       10.5719    0.1445    9.2788    19.883   17.6028   11.5901   11.5492    5.5953
  weight sum           30         0        30        30        30        30        30        30
  precision        0.8672    0.8672    0.8672    0.8672    0.8672    0.8672    0.8672    0.8672

A13
  mean             9.3484         0  114.0134    9.2863   38.2943    6.3979   43.2947   19.4422
  std. dev.        6.4664    0.1553   14.7742   16.3722   13.7703    7.8389    7.6483    5.7774
  weight sum           30         0        30        30        30        30        30        30
  precision        0.9317    0.9317    0.9317    0.9317    0.9317    0.9317    0.9317    0.9317

A14
  mean             1.3123         0  -33.1548   -9.6039  -13.4942   -5.9574  -16.5019   -9.1974
  std. dev.        3.5729    0.0581    8.4432     7.763     6.008    4.8235    3.6467    4.1021
  weight sum           30         0        30        30        30        30        30        30
  precision        0.3484    0.3484    0.3484    0.3484    0.3484    0.3484    0.3484    0.3484

A15
  mean            10.1861         0   48.3708   14.5819   29.3226   11.7926   35.1836   -4.1309
  std. dev.        7.7181    0.0883   12.3186   10.6377    9.7793     8.759    7.5713    3.2429
  weight sum           30         0        30        30        30        30        30        30
  precision        0.5296    0.5296    0.5296    0.5296    0.5296    0.5296    0.5296    0.5296

A16
  mean           -11.5844         0  -15.1623   -4.9414  -15.8033   -5.8388  -18.7168   13.2859
  std. dev.        4.5789    0.0583    5.9884    3.3055    4.3663    4.0795    4.5931    3.5415
  weight sum           30         0        30        30        30        30        30        30
  precision        0.3496    0.3496    0.3496    0.3496    0.3496    0.3496    0.3496    0.3496

A17
  mean            16.8521         0   135.193   15.8693   53.3314   12.1694   61.2227   19.3959
  std. dev.       10.3086    0.1445    9.2788    19.905   17.6028   11.5901   11.5492    5.8236
  weight sum           30         0        30        30        30        30        30        30
  precision        0.8672    0.8672    0.8672    0.8672    0.8672    0.8672    0.8672    0.8672

A18
  mean             0.4884         0     0.205    0.7622    0.3041    0.4964     0.295    0.4108
  std. dev.        0.0758    0.0008    0.0638    0.2412    0.0833     0.275    0.0144    0.0841
  weight sum           30         0        30        30        30        30        30        30
  precision         0.005     0.005     0.005     0.005     0.005     0.005     0.005     0.005

A19
  mean            -1.2984         0   -2.3257   -2.2434   -2.0143   -1.7163   -2.0689    2.2863
  std. dev.        0.3633    0.0045    0.0902    0.1653    0.1104    0.7733    0.1091    0.2673
  weight sum           30         0        30        30        30        30        30        30
  precision        0.0268    0.0268    0.0268    0.0268    0.0268    0.0268    0.0268    0.0268



Time taken to build model: 0 seconds

=== Stratified cross-validation ===
=== Summary ===

Correctly Classified Instances         163               77.619  %
Incorrectly Classified Instances        47               22.381  %
Kappa statistic                          0.7389
Mean absolute error                      0.0557
Root mean squared error                  0.2269
Relative absolute error                 25.9739 %
Root relative squared error             69.315  %
Total Number of Instances              210     

=== Detailed Accuracy By Class ===

                 TP Rate  FP Rate  Precision  Recall   F-Measure  MCC      ROC Area  PRC Area  Class
                 0.900    0.028    0.844      0.900    0.871      0.849    0.993     0.967     BRICKFACE
                 ?        0.000    ?          ?        ?          ?        ?         ?         FLY
                 1.000    0.000    1.000      1.000    1.000      1.000    1.000     1.000     SKY
                 0.200    0.050    0.400      0.200    0.267      0.204    0.918     0.497     FOLIAGE
                 0.733    0.056    0.688      0.733    0.710      0.660    0.876     0.806     CEMENT
                 0.700    0.128    0.477      0.700    0.568      0.492    0.839     0.558     WINDOW
                 0.900    0.000    1.000      0.900    0.947      0.941    0.992     0.977     PATH
                 1.000    0.000    1.000      1.000    1.000      1.000    1.000     1.000     GRASS
Weighted Avg.    0.776    0.037    0.773      0.776    0.766      0.735    0.945     0.829     

=== Confusion Matrix ===

  a  b  c  d  e  f  g  h   <-- classified as
 27  0  0  0  2  1  0  0 |  a = BRICKFACE
  0  0  0  0  0  0  0  0 |  b = FLY
  0  0 30  0  0  0  0  0 |  c = SKY
  1  0  0  6  3 20  0  0 |  d = FOLIAGE
  2  0  0  4 22  2  0  0 |  e = CEMENT
  2  0  0  3  4 21  0  0 |  f = WINDOW
  0  0  0  2  1  0 27  0 |  g = PATH
  0  0  0  0  0  0  0 30 |  h = GRASS

